0 0 20 40 3
0 1 20 41 2
0 1 21 41 3
1 0 21 41 3
1 1 20 41 3
1 1 21 41 2
0 10 20 40 1
0 11 20 41 1
0 11 21 41 1
1 10 21 41 1
1 11 20 41 1
1 11 21 41 1
2 2 13 12 2
2 2 12 13 3
2 2 13 14 3
2 2 12 14 4
2 2 12 13 2
2 2 13 12 1
2 2 13 13 1
12 2 13 12 2
12 2 12 13 3
12 2 13 14 3
12 2 12 14 4
12 2 12 13 2
12 2 13 12 1
12 2 13 13 1
12 22 13 12 2
12 22 12 13 3
12 22 13 14 3
12 22 12 14 4
12 22 12 13 2
12 22 13 12 1
12 22 13 13 1
13 14 14 15 1
25 23 26 28 1
35 33 36 38 1
37 36 37 37 1
48 48 48 48 1
59 59 59 59 1
